53.3813
54.60442225
52.67375155
47.209572
50.6281
41.119637
37.503539
39.86742125
35.1598788
34.67592105
32.76162915
32.77824165
31.9077705
32.49566485
30.04287695
30.02716175
39.87549675
39.8720489
40.90698
33.9014509
32.06932925
31.2631254
21.4964412
24.717254
26.306111
25.1295897
19.133423
12.995218
22.314957
23.7934342
26.512377
28.5846757
29.8662461
24.4469025
24.1986813
25.31204
35.7045144
35.7037727
35.70361
25.37504915
33.747621
33.644347
30.759865
27.9151981
22.5791095
23.814181
22.2501589
28.364007
31.4006332
42.320422
43.236422
43.256415
56.8441227
35.76427925
33.37084965
33.890984
35.14479945
32.01310265
30.076309
29.0812415
31.21051105
37.795167
40.81140115
41.20315895
39.87549675
44.43564855
47.17423625
47.48630225
53.839021
38.7082846
24.7133304
26.2141413
32.8832468
35.7079101
35.74279425
36.5616381
29.3368654
24.6636147
22.309457
23.5899461
10.0597165
6.9007047
18.552686
13.85038955
13.65180005
4.3830464
4.33822395
1.2964593
-7.76333525
4.9746286
14.61487245
14.16536935
14.44833255
16.377798
22.6264329
24.15685
24.96841805
25.0256994
25.013836
31.14508135
31.2284923
31.32235655
31.3070951
25.02532085
25.0325836
24.123523
24.98159995
22.64779025
22.5853241
22.531666
30.47508
30.516494
31.9356664
32.037742
32.1066811
30.60903415
34.2469152
29.50824795
30.8200758
36.046772
26.190195
22.5611537
25.2663747
18.79124745
1.5584128
2.92912005
2.993414
5.3556377
13.7661878
13.74311795
3.12267405
1.3749872
13.92104195
23.0946565
22.34000115
22.304572
22.3386304
22.413656
22.28267345
25.01682835
30.19331415
31.02768865
31.30104395
32.0565957
31.83907195
39.9920267
40.00229045
34.068921
36.369388
37.4581284
37.588223
37.5891545
37.5551257
37.56783525
36.0172898
33.59914655
34.4139318
35.0234513
35.9020448
1.3078539
1.2962018
1.3484104
-31.9740037
-34.9189226
-37.81354365
-37.79723905
-37.8774135
-33.88902715
-33.78030875
-27.49741805
38.2530945
35.5167538
43.07900775
43.5320007
24.79172355
24.78676765
22.99992775
24.4399419
22.3874201
23.160013
30.507886
30.5401222
34.2474949
39.96976785
39.9586652
39.98082975
39.9897733
39.96014155
40.0257488
39.1018241
38.88140235
37.5308282
37.56394455
37.24244775
35.22696
33.88987795
34.4019766
34.6893393
34.5935472
35.6200925
35.6996507
35.6995942
35.702287
35.33330875
35.33330875
35.62786925
35.701255
35.64883905
36.10704285
45.7567197
38.9921309
36.3607717
35.8452946
35.175917
35.89056185
35.572477
35.51935875
35.2326064
32.833696
37.2886785
37.50882
37.5521044
37.55052765
37.48471705
37.5840713
37.678517
37.597327
37.88611985
36.37029045
35.826567
33.9752063
34.0779745
34.4139318
35.07118
35.1527119
35.46426515
36.6283706
37.8687884
32.7861999
37.4481471
37.5417381
43.84308065
28.2293489
22.34000115
22.1526495
30.642769
54.845815
56.46255985
56.46958965
42.089339
55.79069515
55.76108225
55.65067035
39.481059
39.51510135
41.387964
38.75109295
52.6221571
56.3411984
56.45796755
57.16408
63.41653395
63.82015745
65.0592157
62.60434405
59.94186255
58.3803693
59.348181
58.403261
55.929035
32.7767536
32.1119889
31.7918555
25.2043573
-33.95828745
-26.1888813
-33.9077457
-22.9542
-22.818429
-31.3943049
-33.441173
10.2829
25.7173339
-23.56096405
29.6328784
33.7915703
33.776033
36.14422155
29.71679145
30.284151
38.6488148
40.101976
40.4319722
41.70456775
41.86898915
39.86948105
42.718568
42.2942077
41.11445505
40.0045016
41.50138695
40.44415295
39.94560975
38.0353682
38.90893925
38.9044038
38.99203005
39.6810328
39.9574
39.9546285
40.6068028
39.2894478
39.25817605
38.885078
43.01890185
42.7357483
41.8092648
42.3889785
42.3663164
42.3352916
42.3383668
42.40629165
42.35041405
42.3583961
42.36782045
41.8268682
41.25713055
40.814856
40.7292641
40.34829285
39.9492344
42.4489498
42.87500835
43.1576983
43.66333345
43.26336945
40.498255
40.7773237
40.9072198
44.2262145
45.42580475
45.4955911
45.50691775
43.7047927
35.9990522
41.7846875
42.0551164
43.07996765
44.97308605
40.00687815
33.42165145
33.45205165
33.97467365
36.991351
33.6431901
34.0224149
34.13710185
34.41399165
32.87935255
37.4102193
37.431089
37.87631055
38.52247515
47.6543238
49.25219815
53.527159
51.0784038
49.2767454
48.46205995
45.73100425
45.57022705
45.499038
45.5198289
44.0445359
32.866276
32.2890655
32.3052404
39.6766541
39.7493161
35.08663275
32.29723625
33.59375255
32.731155
32.820141
32.8420883
30.4255147
25.65156
29.58343345
29.707195
29.7104775
29.703417
29.31101
29.7194228
34.748452
35.1390842
34.36429485
39.03398365
41.4404343
39.4703727
38.2127098
39.3785778
39.3235304
39.6592589
38.921525
40.655058
40.8194
40.8204407
40.71703345
40.7447992
40.789861
40.76241855
40.7423025
42.68435875
42.2782955
43.1369862
39.94796415
36.885682
32.7855301
34.66879715
33.46433105
36.1523237
41.26610645
41.2563046
39.2087029
36.1295801
36.065152
37.95260515
39.77388
37.7689374
38.6354613
41.8736438
41.634709
43.7743911
43.66333345
42.947615
45.3808074
45.4955911
47.5727251
45.3783078
42.255952
42.2510477
39.8087194
38.93775105
37.548215
35.3229297
38.0333742
39.738444
41.6582432
42.30527345
43.5331903
41.1443525
43.07797955
41.8361963
32.59197975
31.99926655
33.75246115
33.1936183
33.21208215
33.50122585
34.8078655
35.9542493
36.134335
37.21872455
35.771213
39.1318525
42.35284605
43.0015201
43.47061295
46.781607
44.63634665
41.6655219
42.02791015
40.8206003
38.9538529
38.94429415
35.1915227
32.9862442
29.7207902
32.842027
30.40550035
29.94121955
28.0599999
30.44235995
32.5286412
39.74284255
40.556836
40.76272475
21.2982795
19.32160475
33.9928298
27.3864566
26.3707555
25.75533775
30.5245191
32.7748159
34.0555657
43.8009949
46.86087925
45.6639448
40.25142785
41.3124313
42.78882365
44.965659
47.1196193
43.03889625
41.9448418
43.0826784
41.555129
41.8295635
42.32129435
41.0761306
36.0679595
35.3380782
33.4692839
29.19175315
26.8865035
19.501335
32.2391242
32.860958
41.7411504
39.53786515
53.8925662
33.2098879
4.5951524
6.24198815
9.93887835
4.63874255
4.628404
18.401789
28.59899755
28.6212408
28.0642296
29.50743
32.2767307
35.1851087
32.865689
32.7726805
32.72147705
37.768369
45.520881
64.85853945
64.137274
44.47731115
49.8091536
52.13441935
-12.0753786
-22.649611
-23.591665
-19.869108
-30.033877
-34.599878
-29.62683405
-32.07161405
-12.3713128
-27.467384
-28.8188635
-27.37815905
-26.7184793
-27.6043047
24.18005755
25.0353489
25.04306355
23.4169183
23.1331951
32.20302965
31.20713055
36.16161795
39.911429
39.94976005
39.99097
40.408048
43.8272664
31.5716365
35.33330875
35.63757555
35.6937953
35.6572957
35.69715535
35.86197185
36.43081545
37.5236728
35.15727155
35.0333281
34.7325171
34.29261785
33.999924
35.15554505
43.1156423
41.7651087
39.971084
36.61048
43.7842489
43.225244
51.1567771
64.1244144
50.4152275
45.51181205
10.490608
-21.984174
-23.56096405
-23.6446884
-22.4137971
-34.8898685
-39.806227
-33.044434
-23.49629595
-22.91117105
-34.56386525
-34.5962785
-27.600604
-22.979661
-51.6471676
-32.88601995
-33.451778
-33.034829
-35.00295055
-12.06895
-26.179406
-25.7542559
0.3355324
-6.891288
-7.40337015
-7.7700789
-31.9192816
-37.5958671
-35.2372172
-33.7697359
-28.073868
-36.85438645
-37.78600775
-41.29164665
-41.30005925
-41.7527641
-43.5240528
-45.86508895
-36.84847945
-33.7774154
-33.883084
-33.3578968
-34.40505545
-38.1438772
-36.7784754
-37.8087465
-37.85240845
-35.02482815
-37.8062142
-42.9070751
-27.5533975
-27.47715625
-32.00574155
13.0222347
28.5444176
31.28473925
42.801494
40.546699
40.4478
41.17833515
40.2075951
40.6234239
42.87429695
41.559937
40.448645
40.316933
41.6835948
43.30927695
43.560378
45.782916
47.2481683
46.99384
49.2545928
49.4290032
49.62318335
50.9254091
51.192429
50.911209
52.38405
52.273521
52.140206
53.461109
54.075538
55.6925503
60.2781018
60.20150365
59.3949757
54.6828451
56.950744
56.9527434
50.44922055
50.004696
47.2165969
51.538817
56.299555
55.6506205
55.67260345
50.38413975
46.7677836
47.5543249
47.4796299
46.06733275
45.80600425
45.434479
46.4983249
45.704404
43.709952
43.553219
40.3128187
39.217348
41.862029
40.845476
41.120603
40.62984145
37.98089435
35.3088296
40.8927159
41.10427915
41.20315895
41.00474265
37.994072
37.98782705
38.2899482
39.6162306
40.351775
44.8061071
46.55919145
45.68025
46.0272253
47.262702
49.45832195
50.1021757
49.201727
43.723194
43.116533
48.3018659
48.56747525
48.998681
50.0762578
51.3677833
51.486132
52.52578735
54.095063
55.68160305
59.2544839
59.6679155
61.0648969
60.0059157
59.94186255
55.7658538
55.728398
53.8931763
54.6828451
52.22165395
50.0657033
49.595441
48.141207
47.4934799
49.8376738
50.03027885
52.23780765
52.40151165
52.382964
52.0380023
51.492698
50.810666
50.580514
49.4699765
48.7133801
47.9946746
47.689402
48.9095338
49.10184375
48.52307065
49.874757
49.992666
50.1716692
49.782953
49.597872
48.1185046
47.49685775
47.3764534
47.5612651
47.993544
46.9509023
46.5186594
48.71408515
48.84145965
48.8468997
51.00794735
50.8132839
50.84206275
50.6697934
50.86538625
50.7791703
50.84575885
51.4486602
51.82206185
51.98527485
52.08340265
52.3553655
52.33418005
52.1606643
51.99882735
51.922842
53.21967825
50.733798
50.733798
51.44410885
51.4296271
51.56306085
50.63707245
51.22281
52.2380139
51.96733855
51.52850795
53.566551
54.33250755
55.36782265
57.0159232
57.6896523
57.6985351
55.7854
55.68021235
55.7039571
56.1672052
59.9412772
59.8394451
59.3644838
59.34986645
60.18558755
60.45596125
61.49412325
62.22902785
61.44964205
63.82015745
68.4359145
56.14597865
53.2254127
52.4173654
51.6091578
52.45044325
52.48620785
52.7627822
51.53260365
51.425686
51.24303255
51.4499995
51.5247272
51.51442905
51.519166
51.52142145
51.49879595
51.4697988
52.17638955
51.7575707
51.4584837
51.4879961
50.7369302
51.3791442
52.6273753
52.9385099
53.3815248
53.80387185
53.94540365
54.77285725
54.98023235
54.0088818
53.406179
52.45044325
52.3793131
53.4659671
53.3431615
53.305358
54.58435885
53.27639715
51.893435
55.86189435
51.522299
51.5217668
51.474264
51.52233
51.76164775
51.59029705
51.53682365
51.520881
51.5219692
51.43725535
50.8640047
50.8440475
50.74224205
52.4056372
52.20338815
53.79237145
53.4050747
54.9781026
55.9360357
55.86746635
55.84342625
53.76340335
53.4886859
53.47188435
53.6104599
52.9577322
52.6300609
53.22853665
53.80317025
51.8778642
51.5442663
51.4825423
51.4487292
45.7833631
45.5667555
45.8414358
43.555402
40.33544
38.994019
37.9325273
37.02704895
38.7485846
40.27781
43.370749
45.1908798
47.3867572
48.115937
48.87015115
48.8453544
50.62758
50.4634558
53.35556155
43.594372
46.25005085
43.617136
46.0506379
47.05821
47.07810475
47.079603
48.335802
50.929553
47.432134
44.645074
43.7206078
43.7201299
43.71966865
44.4947702
45.478092
45.4497194
45.1626022
45.7297811
45.778865
45.4173818
45.062492
45.462101
45.518368
45.506837
46.0662279
49.928826
48.220378
53.10796455
50.0889154
48.2131302
47.8495216
48.19853965
52.512519
52.51875095
52.452513
51.0288309
48.829368
50.86794365
50.89273635
55.9462364
55.87230815
48.15878785
44.4947702
60.17103775
55.70229715
37.99081515
41.903738
43.30556425
43.62230565
41.502722
41.43744085
41.38803135
48.70814485
48.84170715
48.848441
48.851243
48.846943
48.854658
48.85389775
48.788902
48.78215115
48.84110375
51.29495725
51.87703035
51.4276061
50.79805775
51.7555205
53.0016756
53.77114815
53.3859534
50.3755269
53.33917155
53.38479195