6.5918
-5.929052801
-8.570985623
-1.556004
3.1031
1.260518
15.086552
32.73519072
33.37781945
33.04476517
35.01986304
34.99565673
34.81323333
35.99160717
31.23664139
31.20586149
32.78553506
32.75395155
31.18339123
35.48193028
34.84334339
34.80225094
39.2489498
46.6194247
50.151944
55.4167371
72.913257
80.237988
87.310477
90.4016744
80.232975
77.16358981
77.89587081
54.3942563
55.6769692
55.492659
51.40972233
51.3991746
51.351507
51.48993782
73.138046
72.9885079
76.766148
78.07874075
88.37285465
86.441132
84.90668557
75.586979
74.2137296
69.590819
76.929711
76.953875
60.6506149
51.40970276
44.38224977
35.508518
33.90492318
35.87354923
31.28543063
31.10072999
29.91314562
26.70783816
29.35951435
29.07286536
32.78553506
26.10136674
27.57309346
19.05809891
10.708728
35.53521585
46.62182029
50.57152723
51.55099264
51.3951857
51.50574054
52.68147895
47.9200022
46.6765326
39.104696
58.1768844
76.3609105
79.86047339
73.826494
100.5680605
100.4944223
100.9700113
101.1395937
103.8502794
110.4083547
114.8926962
121.0355713
121.2411773
120.9856253
119.9113091
120.2658575
120.6800382
121.191397
121.5266044
121.540615
121.4195085
121.4021139
121.3840094
120.6357399
121.5614418
121.4351277
120.675229
121.5754323
120.310242
113.9333403
113.3890236
114.353035
114.401679
118.8852134
118.846241
118.9086308
114.3514284
108.910552
106.5757268
106.0654774
103.8526439
91.691981
88.41310194
82.9904648
98.97447038
103.6400236
101.7783355
101.7149846
100.3020378
100.5340769
100.532879
101.653561
103.8290546
100.7039833
113.2957647
114.1697029
114.1797629
114.2620337
114.2099405
114.1385492
121.5384692
120.1193082
121.4322109
121.500455
118.7740883
117.2642075
116.3067065
116.3209891
118.445245
127.364025
126.952134
126.993604
127.0326718
127.0447098
126.9393781
129.323921
130.2235985
135.3031836
135.7798129
139.9362201
103.7776795
103.7768994
103.6829797
115.8208754
138.6042367
144.9717917
144.9584474
145.0449825
151.1894207
151.2575774
153.0131626
140.8736593
139.4834225
141.3377295
143.6141722
120.9922071
120.9972441
120.2198378
118.0930178
114.2082222
113.3370203
114.413687
114.3594147
108.9789875
116.3070917
116.3097128
116.3410124
116.3532656
116.3597044
116.2739898
117.1609371
121.522811
122.0551711
126.9475258
127.0802927
126.8413675
130.7085809
132.7123195
133.9222272
135.5038278
139.3829671
139.5184956
139.7426558
139.7624917
139.6179304
139.6179304
140.1034657
139.764419
139.7427707
140.100687
126.6781272
117.3063314
127.3494167
127.1330053
126.908564
128.6108361
129.190332
129.4292212
129.0828055
130.6990269
127.0513357
126.9619
126.9409839
127.0743907
126.7249282
127.0586643
126.804281
127.057832
127.7386743
127.347812
128.756315
132.78187
134.5590655
135.3031836
137.001218
136.9705813
136.7380125
138.1873049
138.942005
129.865345
126.6498421
127.0768708
125.3238807
112.9944949
114.1697029
113.5680532
104.0675118
83.09426231
84.95565495
84.94677014
75.969834
49.12192908
37.63259451
37.66607927
-0.341088
-0.424512333
2.113302
-9.156203506
1.2409136
-2.7930938
-2.982148314
-2.1017651
10.40668012
20.31466632
25.46632573
29.74223746
30.29726066
26.71921337
18.023583
15.62361119
37.51866808
35.02414529
34.80459702
35.244723
55.15064515
18.45997349
28.02479073
18.61361668
-43.175493
-47.064785
-58.0122554
-70.640815
-84.798143
-80.27866887
-46.72770807
-82.3490133
-84.31837262
-84.39884086
-86.80274129
-95.40478113
-97.73195598
-90.30654134
-88.2314378
-86.92389368
-86.23822026
-87.64856256
-84.87956905
-84.47791571
-83.71003852
-83.16691718
-83.02853385
-81.60070216
-79.96243993
-79.65940096
-78.5035322
-77.07457962
-77.04780341
-76.9461029
-75.7540184
-75.19026706
-75.15349037
-75.3782488
-76.62630185
-76.71198839
-77.1010391
-76.11918148
-73.67296098
-72.2536899
-72.5286987
-71.25798773
-71.1703275
-71.08793524
-71.1197505
-71.10167087
-71.09567788
-71.12666183
-71.40123146
-72.9896696
-73.96101624
-73.99626827
-74.66308325
-75.19198985
-76.4746832
-77.00776949
-77.58829256
-79.39769975
-79.91810009
-74.446796
-73.7226313
-73.1091896
-76.49514524
-75.68740118
-73.5775043
-73.57911626
-72.2925909
-78.9290629
-87.60074672
-87.67581113
-89.4307652
-93.23708813
-105.272776
-111.9325829
-112.0636789
-117.3368515
-122.060925
-117.8401649
-118.2863441
-118.1252749
-119.8455227
-117.2311005
-122.0596549
-122.1693009
-122.2388593
-121.7513927
-122.3080089
-123.2314565
-113.5246736
-114.1287077
-122.9177737
-123.3114198
-122.6339178
-122.6370935
-122.6856953
-122.6779796
-123.0717345
-117.244759
-106.7623818
-106.7429643
-104.962203
-105.2228202
-106.6202094
-106.763571
-101.8995955
-97.1150166
-96.842691
-96.78413593
-97.7042754
-100.289544
-98.61911843
-95.396893
-95.39580027
-95.403037
-94.777772
-95.3412809
-92.320589
-90.0318192
-89.52538012
-94.57805895
-87.6878215
-87.40819676
-85.75786707
-84.56384287
-82.10010704
-80.0110377
-77.01953566
-73.945361
-73.95
-73.9498388
-73.59983501
-74.02522079
-73.95336
-73.95582499
-74.17928172
-73.82583423
-71.7622355
-70.93188194
-75.15784373
-76.30768579
-79.95025241
-82.837195
-88.79942546
-95.94596153
-95.94507872
-95.97783747
-96.5884441
-97.08853715
-94.17609534
-91.7763609
-86.176335
-87.1113859
-90.23203664
-87.6694981
-85.0052376
-79.50481085
-79.39769975
-78.821661
-75.6999475
-73.5775043
-52.73305444
-71.92847002
-71.835665
-71.8231517
-75.926889
-77.08948236
-77.45306424
-80.7440056
-84.5017758
-84.17918747
-83.61478734
-83.0665552
-80.22352831
-81.33982833
-87.88181532
-87.62656511
-85.49608586
-81.10530941
-84.38681125
-87.5287546
-87.53967402
-86.80538672
-87.6791954
-83.9307395
-80.2781152
-80.42542519
-78.67392082
-84.51575991
-83.064063
-78.7870697
-80.54495797
-71.274796
-63.59219964
-91.5721928
-93.64464415
-96.70167774
-95.26313786
-92.32647881
-97.4434769
-96.75109567
-95.34406271
-96.793784
-91.18620474
-90.12010089
-82.41383619
-84.29747867
-92.07244061
-105.0059328
-105.08274
-111.8396595
-157.8186923
-99.184905
-81.02682712
-82.3981369
-80.10684289
-80.37628897
-90.4847145
-117.0738505
-118.3878557
-116.943487
-113.9851417
-111.0764709
-111.6505719
-105.5780518
-96.92459038
-89.6668347
-88.5484825
-87.9315545
-87.66842177
-77.67047648
-72.65693421
-71.416277
-71.04637997
-81.51194783
-79.81035836
-80.7574593
-81.9881801
-81.04958387
-80.11435336
-99.134559
-110.9504158
-117.233528
-111.8122309
-119.8187839
-122.8147159
-97.15147488
-74.06835631
-75.58954289
-84.05329688
-74.08523776
-74.06494
-66.059522
-81.19712501
-81.2133017
-80.62300972
-98.57536
-106.7477432
-111.655837
-117.20441
-117.1889766
-117.1643169
-122.392621
-122.6806572
-147.8365116
-21.94561454
-73.20196539
-97.13304179
-106.6277768
-77.0415612
-50.437522
-46.649044
-43.966502
-51.218565
-58.373059
30.40338182
115.8335009
130.8684017
153.0242227
153.3005387
153.0894647
153.065136
151.9327409
120.6483607
121.4325481
121.5346804
116.6281836
113.342957
119.5096836
121.4102415
120.4935528
116.414819
116.3362905
116.350749
116.68236
125.4227754
130.5460279
139.6179304
139.7307329
139.4439284
139.5425587
139.7625818
139.6075913
139.0444871
139.9380725
136.9252004
135.7249154
135.7316649
134.0632364
130.948616
128.0969209
131.9008656
123.4051787
116.421174
127.2873732
142.3067641
76.921897
71.47149063
-21.92759463
-104.589
-122.68493
-66.892077
-47.880363
-46.72770807
-46.52839995
-45.4502726
-56.0593712
-73.251645
-71.605883
-46.86854237
-43.23577971
-58.4438473
-58.41767775
-48.519674
-43.233526
-69.2093914
-68.84201985
-70.686185
-71.595635
-71.22987563
-77.080143
28.008946
28.2321043
32.5682009
107.6103817
109.2458844
110.3810739
115.8691215
144.7278267
149.0840659
150.7292595
153.4168487
174.765797
175.3166859
174.7675554
174.7765824
173.9324003
172.5803063
170.5138522
174.7717277
151.1181406
151.2021577
151.3783292
150.8783465
144.3609811
144.298047
144.9638875
144.9918226
138.5732552
140.766463
147.3215168
153.0533623
153.02841
115.8928644
77.56718325
77.1893001
121.4969491
-1.65973
-3.694376
-3.728587
-8.596253892
-8.425661475
-8.657743924
-8.55595263
-8.396762
-3.719323
-3.727069
-0.8843201
-2.010667847
1.468857
4.878241
5.991149415
6.938649
7.040891407
7.7747854
6.112772816
5.390730675
6.793531
8.025476
9.805964
10.529695
11.644164
9.969455585
12.103494
12.1030129
19.8307958
24.9654634
24.6676162
25.28750788
24.11605942
24.0806623
30.45772978
36.228053
39.63062775
46.010238
43.982535
37.50144442
37.48571406
30.47409246
23.59197655
21.6239011
19.05616986
18.19655743
16.00839356
12.326133
11.35009579
9.660523
7.28968
6.967505
9.3104899
9.114921
12.479562
14.257677
16.868507
22.9588935
23.73401654
25.0832561
29.37863323
29.02231159
29.07286536
28.93985101
23.732403
23.73179733
21.7886469
20.83963011
18.158331
20.47479772
15.64328716
13.774063
13.2595538
11.384904
11.08546
14.391267
16.603295
12.636777
12.387439
14.31111065
13.45193779
12.094547
14.41842864
12.7379544
11.969528
13.37702823
13.374563
12.52939715
15.2498899
10.76219874
28.0938256
30.37672932
30.29726066
37.68489551
37.609076
27.54719422
25.28750788
21.00735776
19.91895867
17.259972
17.115219
19.06189933
18.2864292
19.90899497
21.01721746
13.00988186
9.719602
8.492379533
7.412839
8.774078
8.678025
8.4819024
9.212089864
7.8472292
9.186864
9.1831892
8.433125596
7.736952784
8.656022
8.241572
8.6279846
9.970954
11.004538
9.8037842
8.729818832
8.547709315
7.5752961
7.84595
7.43867624
6.566561505
2.213080878
2.34681006
2.357448653
3.71088105
4.381452465
4.322919205
4.61543
4.679557576
6.067287329
5.687397077
5.490399566
5.864576315
5.663705052
5.148284942
4.9501644
4.86690055
4.486069325
4.373960368
4.4874501
6.562514822
7.1022309
7.1022309
7.260892448
6.78470694
5.043598468
5.562333323
4.410114
6.8566761
7.599247298
9.932326043
9.984534
10.18003052
10.42820011
9.975323747
11.9766811
11.97124815
12.52019888
12.57226038
13.1902011
10.20260887
10.720663
17.64811697
18.05844468
18.07063213
24.8242733
22.28600076
23.77920678
25.74003691
23.85877462
20.31466632
17.43506716
-3.91968766
-4.141068156
-4.070315004
-3.979344292
-1.931961341
-1.888499151
-1.239681923
-0.474014018
-0.563098
-0.590013825
-0.961407779
-0.039310347
-0.116588403
-0.128676466
-0.130674409
-0.176922309
-0.089330649
0.143088815
-1.254973304
-2.609775198
-3.179697474
-3.536476717
-2.3252332
-1.120971197
-1.171539433
-1.480681425
-1.55245712
-1.031388783
-1.574016029
-1.61452627
-2.787377276
-2.966708186
-1.931961341
-1.5604252
-2.232973772
-6.257707
-6.220682
-5.933667877
-9.058299607
-8.4920353
-4.241866221
-0.130682
-0.130190717
-0.035412
-0.129259
-0.248371825
-0.229632209
-0.13367159
-0.130279
-0.155028571
-0.251575254
-0.084007338
-0.120167191
-1.894349489
-1.499722268
0.135022573
-1.766710766
-2.970300286
-1.6067699
-3.2265093
-4.250219192
-4.430068699
-2.708749242
-2.278328792
-2.2411075
-1.72940896
-1.156170993
-1.139843407
-0.548734724
-1.549100987
-0.410623193
0.009647662
-0.0066531
-0.244097819
4.768770356
5.917541467
6.21205431
1.503892
-3.877459
-3.920477
-1.162496519
-7.922375502
-9.154006646
-7.509026
-8.39055
5.7169733
0.691591
-1.672971
2.27352185
2.339045797
3.126323
3.954078272
-6.282286313
1.45063
20.14649428
13.512744
14.46771245
15.46019568
15.4475057
15.467419
14.320928
11.589825
9.375552
10.927927
10.4026444
10.4078976
10.40042846
11.3558967
9.227276
9.188708076
5.7135209
4.826581922
4.867832
7.747685875
7.662224
9.177139
9.213463
9.267296
11.1163233
11.585852
16.351527
8.855664593
14.41613721
16.36068653
13.3419939
16.36986168
13.32688
13.39355165
13.289689
13.73605842
2.381676
-0.087856128
-1.394642947
-3.190622742
-4.289225443
11.59036741
11.3558967
24.94915065
37.53179777
23.73047038
12.514413
5.378613246
3.861896345
2.104463
2.144423284
2.1108863
2.162610741
2.344792313
2.343234
2.340784
2.344408
2.337817
2.329021231
2.327256
2.217186659
2.58827325
1.067406728
0.950078859
-0.1750385
-1.098349112
-1.2261597
-2.270694219
-0.368437518
-6.2588922
-4.139376874
-6.262939103
-6.601046124
